[[314.         303.92083028 303.96251521 304.05149721 303.98024625
  303.98420455 304.02707625 303.9880504  303.98933372 304.01967238
  303.99078831 303.99130603 304.01673441 303.99185704 303.99200211
  304.01591539 303.99200211 303.99185704 304.01673441 303.99130603
  303.99078831 304.01967238 303.98933372 303.9880504  304.02707625
  303.98420455 303.98024625 304.05149721 303.96251521 303.92083028]
 [314.         306.96382687 305.58386423 305.08772514 304.84002516
  304.69477937 304.60138065 304.53777347 304.49284486 304.46041154
  304.43678399 304.41965242 304.40752981 304.39945513 304.39482883
  304.39332174 304.39482883 304.39945513 304.40752981 304.41965242
  304.43678399 304.46041154 304.49284486 304.53777347 304.60138065
  304.69477937 304.84002516 305.08772514 305.58386423 306.96382687]
 [314.         309.02431595 307.00024888 306.12105827 305.65631826
  305.37722106 305.19556604 305.07099488 304.98262664 304.91865573
  304.87196455 304.83806584 304.81405679 304.79805504 304.78888359
  304.78589531 304.78888359 304.79805504 304.81405679 304.83806584
  304.87196455 304.91865573 304.98262664 305.07099488 305.19556604
  305.37722106 305.65631826 306.12105827 307.00024888 309.02431595]
 [314.         310.2931505  308.16955357 307.06081518 306.4291648
  306.03637473 305.77593543 305.59538337 305.4664237  305.37264516
  305.30398662 305.25403257 305.21859985 305.19496086 305.18140381
  305.1769853  305.18140381 305.19496086 305.21859985 305.25403257
  305.30398662 305.37264516 305.4664237  305.59538337 305.77593543
  306.03637473 306.4291648  307.06081518 308.16955357 310.2931505 ]
 [314.         311.09701562 309.09726096 307.88895328 307.14532532
  306.6636975  306.33690768 306.10716171 305.9415816  305.82044522
  305.73138854 305.66640571 305.62022025 305.58936579 305.57165581
  305.56588145 305.57165581 305.58936579 305.62022025 305.66640571
  305.73138854 305.82044522 305.9415816  306.10716171 306.33690768
  306.6636975  307.14532532 307.88895328 309.09726096 311.09701562]
 [314.         311.63853476 309.8261452  308.60500169 307.79839445
  307.25350876 306.87422455 306.6032213  306.40581081 306.26033419
  306.15284065 306.07412529 306.01804043 305.98050955 305.95894492
  305.95191024 305.95894492 305.98050955 306.01804043 306.07412529
  306.15284065 306.26033419 306.40581081 306.6032213  306.87422455
  307.25350876 307.79839445 308.60500169 309.8261452  311.63853476]
 [314.         312.02484878 310.40282888 309.21880949 308.38760612
  307.80290439 307.38503473 307.08120685 306.85724912 306.69084658
  306.56717538 306.47623979 306.41126002 306.36769115 306.34262652
  306.33444529 306.34262652 306.36769115 306.41126002 306.47623979
  306.56717538 306.69084658 306.85724912 307.08120685 307.38503473
  307.80290439 308.38760612 309.21880949 310.40282888 312.02484878]
 [314.         312.31377471 310.86576221 309.74432916 308.91602741
  308.31130671 307.86780993 307.5395243  307.29448755 307.11079816
  306.97340774 306.87192216 306.79916868 306.75027958 306.72211547
  306.71291645 306.72211547 306.75027958 306.79916868 306.87192216
  306.97340774 307.11079816 307.29448755 307.5395243  307.86780993
  308.31130671 308.91602741 309.74432916 310.86576221 312.31377471]
 [314.         312.53826751 311.24376388 310.19585605 309.38886234
  308.77986108 308.32215067 307.97728762 307.71656373 307.51929339
  307.37074592 307.26048033 307.18115545 307.12772212 307.09689374
  307.08681721 307.09689374 307.12772212 307.18115545 307.26048033
  307.37074592 307.51929339 307.71656373 307.97728762 308.32215067
  308.77986108 309.38886234 310.19585605 311.24376388 312.53826751]
 [314.         312.71819158 311.55775331 310.58628007 309.81218574
  309.21084259 308.74854203 308.39422529 308.12292978 307.91571779
  307.75859296 307.641362   307.55671451 307.49955021 307.46651628
  307.45571047 307.46651628 307.49955021 307.55671451 307.641362
  307.75859296 307.91571779 308.12292978 308.39422529 308.74854203
  309.21084259 309.81218574 310.58628007 311.55775331 312.71819158]
 [314.         312.8661315  311.82284059 310.92652836 310.19213735
  309.60716219 309.14810753 308.79056738 308.51340346 308.29971853
  308.13654065 308.01415458 307.92544767 307.865383   307.83061487
  307.81923256 307.83061487 307.865383   307.92544767 308.01415458
  308.13654065 308.29971853 308.51340346 308.79056738 309.14810753
  309.60716219 310.19213735 310.92652836 311.82284059 312.8661315 ]
 [314.         312.9904081  312.05001831 311.22558239 310.53447815
  309.97200038 309.52239057 309.16692998 308.8881106  308.67117711
  308.50435766 308.37858088 308.28706383 308.22492863 308.18890022
  308.17709551 308.18890022 308.22492863 308.28706383 308.37858088
  308.50435766 308.67117711 308.8881106  309.16692998 309.52239057
  309.97200038 310.53447815 311.22558239 312.05001831 312.9904081 ]
 [314.         313.09672754 312.2473845  311.49071882 310.84438923
  310.30856008 309.87317736 309.52420843 309.24742561 309.03017785
  308.86197343 308.73449154 308.64137593 308.57798347 308.54116239
  308.52908779 308.54116239 308.57798347 308.64137593 308.73449154
  308.86197343 309.03017785 309.24742561 309.52420843 309.87317736
  310.30856008 310.84438923 311.49071882 312.2473845  313.09672754]
 [314.         313.18912749 312.42099305 311.72780363 311.12641531
  310.61991468 310.20236314 309.86348563 309.59191502 309.37697499
  309.20945984 309.08185512 308.98829586 308.92442979 308.88726967
  308.87507365 308.88726967 308.92442979 308.98829586 309.08185512
  309.20945984 309.37697499 309.59191502 309.86348563 310.20236314
  310.61991468 311.12641531 311.72780363 312.42099305 313.18912749]
 [314.         313.27054355 312.57543926 311.94156831 311.38448604
  310.90892526 310.5118576  310.18595773 309.92228704 309.71196084
  309.5470119  309.42074673 309.32782793 309.26423188 309.22716619
  309.21499109 309.22716619 309.26423188 309.32782793 309.42074673
  309.5470119  309.71196084 309.92228704 310.18595773 310.5118576
  310.90892526 311.38448604 311.94156831 312.57543926 313.27054355]
 [314.         313.3431614  312.71426433 312.13584451 311.62197357
  311.17820414 310.80352211 310.49287694 310.23934866 310.03563649
  309.87492876 309.75133608 309.66006134 309.5974313  309.56086857
  309.548849   309.56086857 309.5974313  309.66006134 309.75133608
  309.87492876 310.03563649 310.23934866 310.49287694 310.80352211
  311.17820414 311.62197357 312.13584451 312.71426433 313.3431614 ]
 [314.         313.40864314 312.84023743 312.31375404 311.84176297
  311.43010783 311.07913143 310.78550934 310.54397058 310.348586
  310.19359577 310.07387542 309.98516215 309.92414127 309.88846164
  309.87672327 309.88846164 309.92414127 309.98516215 310.07387542
  310.19359577 310.348586   310.54397058 310.78550934 311.07913143
  311.43010783 311.84176297 312.31375404 312.84023743 313.40864314]
 [314.         313.46827694 312.95555477 312.47785939 312.04632309
  311.66674702 311.34035326 311.06510554 310.8370597  310.65145433
  310.50346825 310.38868792 310.30336505 310.2445407  310.21009372
  310.1987525  310.21009372 310.2445407  310.30336505 310.38868792
  310.50346825 310.65145433 310.8370597  311.06510554 311.34035326
  311.66674702 312.04632309 312.47785939 312.95555477 313.46827694]
 [314.         313.52307867 313.061982   312.63028156 312.23777189
  311.89000586 311.58873998 311.33288129 311.11953824 310.94492922
  310.8050571  310.69615689 310.61496527 310.55886796 310.52597146
  310.51513315 310.52597146 310.55886796 310.61496527 310.69615689
  310.8050571  310.94492922 311.11953824 311.33288129 311.58873998
  311.89000586 312.23777189 312.63028156 313.061982   313.52307867]
 [314.         313.57386259 313.16095758 312.77279206 312.4179341
  312.10156517 311.8257287  311.59000588 311.39232852 311.22972658
  311.09891649 310.99671587 310.92031083 310.86741463 310.83635448
  310.82611453 310.83635448 310.86741463 310.92031083 310.99671587
  311.09891649 311.22972658 311.39232852 311.59000588 311.8257287
  312.10156517 312.4179341  312.77279206 313.16095758 313.57386259]
 [314.         313.62129141 313.2536687  312.90688478 312.58839074
  312.30292681 312.05264636 311.83759625 311.65634245 311.50657916
  311.38563349 311.29083996 311.21979532 311.17051949 311.1415501
  311.13199369 311.1415501  311.17051949 311.21979532 311.29083996
  311.38563349 311.50657916 311.65634245 311.83759625 312.05264636
  312.30292681 312.58839074 312.90688478 313.2536687  313.62129141]
 [314.         313.66591258 313.34110797 313.03383237 312.75052117
  312.49543721 312.27071799 312.07671525 311.9124747  311.77622799
  311.66581964 311.57903808 311.51385124 311.46856265 311.44190797
  311.43311033 311.44190797 311.46856265 311.51385124 311.57903808
  311.66581964 311.77622799 311.9124747  312.07671525 312.27071799
  312.49543721 312.75052117 313.03383237 313.34110797 313.66591258]
 [314.         313.708185   313.42411621 313.15473071 312.90553833
  312.68030944 312.48107647 312.30837278 312.16159877 312.03941612
  311.94010407 311.86184647 311.802944   311.76196013 311.73781508
  311.72984183 311.73781508 311.76196013 311.802944   311.86184647
  311.94010407 312.03941612 312.16159877 312.30837278 312.48107647
  312.68030944 312.90553833 313.15473071 313.42411621 313.708185  ]
 [314.         313.74849904 313.50341525 313.27053426 313.05451846
  312.85864318 312.68477305 312.53352882 312.40456532 312.2968844
  312.20912816 312.13982312 312.08756655 312.05115874 312.0296908
  312.02259851 312.0296908  312.05115874 312.08756655 312.13982312
  312.20912816 312.2968844  312.40456532 312.53352882 312.68477305
  312.85864318 313.05451846 313.27053426 313.50341525 313.74849904]
 [314.         313.78719179 313.57963346 313.38208445 313.19842601
  313.03144284 312.88278789 312.75309776 312.64220205 312.54936873
  312.47354151 312.41354311 312.3682346  312.33663145 312.31798241
  312.31181905 312.31798241 312.33663145 312.3682346  312.41354311
  312.47354151 312.54936873 312.64220205 312.75309776 312.88278789
  313.03144284 313.19842601 313.38208445 313.57963346 313.78719179]
 [314.         313.8245589  313.6533258  313.49013275 313.3381347
  313.19963363 313.07604038 312.96795352 312.87531486 312.79759855
  312.73399881 312.68359478 312.6454825  312.61887307 312.60316073
  312.59796625 312.60316073 312.61887307 312.6454825  312.68359478
  312.73399881 312.79759855 312.87531486 312.96795352 313.07604038
  313.19963363 313.3381347  313.49013275 313.6533258  313.8245589 ]
 [314.         313.86086392 313.72499002 313.59535954 313.4744455
  313.36407603 313.26539906 313.17893505 313.1046899  313.04229635
  312.99115774 312.95057662 312.91985955 312.89839639 312.88571615
  312.88152298 312.88571615 312.89839639 312.91985955 312.95057662
  312.99115774 313.04229635 313.1046899  313.17893505 313.26539906
  313.36407603 313.4744455  313.59535954 313.72499002 313.86086392]
 [314.         313.89634587 313.7950798  313.69839004 313.60810211
  313.52557875 313.45169098 313.38685215 313.33109612 313.28417788
  313.24567751 313.21509471 313.19192681 313.17572861 313.16615494
  313.16298842 313.16615494 313.17572861 313.19192681 313.21509471
  313.24567751 313.28417788 313.33109612 313.38685215 313.45169098
  313.52557875 313.60810211 313.69839004 313.7950798  313.89634587]
 [314.         313.93122545 313.86401582 313.79980775 313.73980453
  313.68491048 313.63571072 313.59249128 313.55528839 313.52395291
  313.4982179  313.47776063 313.4622543  313.45140807 313.44499571
  313.4428745  313.44499571 313.45140807 313.4622543  313.47776063
  313.4982179  313.52395291 313.55528839 313.59249128 313.63571072
  313.68491048 313.73980453 313.79980775 313.86401582 313.93122545]
 [314.         313.96571037 313.93219521 313.9001663  313.87022118
  313.84281075 313.81822881 313.79662143 313.77801075 313.76232641
  313.7494388  313.73918979 313.73141849 313.72598126 313.72276617
  313.72170253 313.72276617 313.72598126 313.73141849 313.73918979
  313.7494388  313.76232641 313.77801075 313.79662143 313.81822881
  313.84281075 313.87022118 313.9001663  313.93219521 313.96571037]]
