[[309. 314. 314. 314. 314. 314.]
 [304. 294. 294. 294. 294. 314.]
 [304. 294. 294. 294. 294. 314.]
 [304. 294. 294. 294. 294. 314.]
 [309. 314. 314. 314. 314. 314.]]
[[309.    314.    314.    314.    314.    314.   ]
 [304.    298.753 295.225 295.225 302.281 314.   ]
 [304.    297.528 294.    294.    301.056 314.   ]
 [304.    298.753 295.225 295.225 302.281 314.   ]
 [309.    314.    314.    314.    314.    314.   ]]
[[309.        314.        314.        314.        314.        314.       ]
 [304.        300.2183107 297.5446159 298.7892943 304.5688639 314.       ]
 [304.        298.7167057 295.3947409 296.6394193 303.2833489 314.       ]
 [304.        300.2183107 297.5446159 298.7892943 304.5688639 314.       ]
 [309.        314.        314.        314.        314.        314.       ]]
[[309.         314.         314.         314.         314.
  314.        ]
 [304.         301.36136632 299.8032304  301.1891798  306.35605585
  314.        ]
 [304.         299.59260936 297.26921231 298.80763481 304.87768063
  314.        ]
 [304.         301.36136632 299.8032304  301.1891798  306.35605585
  314.        ]
 [309.         314.         314.         314.         314.
  314.        ]]
[[309.         314.         314.         314.         314.
  314.        ]
 [304.         302.40834588 301.55624723 303.16188383 307.60760657
  314.        ]
 [304.         300.54451503 298.94207946 300.69813078 306.1356237
  314.        ]
 [304.         302.40834588 301.55624723 303.16188383 307.60760657
  314.        ]
 [309.         314.         314.         314.         314.
  314.        ]]
[[309.         314.         314.         314.         314.
  314.        ]
 [304.         303.26509022 303.02539831 304.67679596 308.59576714
  314.        ]
 [304.         301.42659014 300.44718919 302.29875313 307.17214606
  314.        ]
 [304.         303.26509022 303.02539831 304.67679596 308.59576714
  314.        ]
 [309.         314.         314.         314.         314.
  314.        ]]
[[309.         314.         314.         314.         314.
  314.        ]
 [304.         303.98470818 304.20685375 305.90218702 309.36357993
  314.        ]
 [304.         302.21417274 301.76178422 303.65616464 308.03607348
  314.        ]
 [304.         303.98470818 304.20685375 305.90218702 309.36357993
  314.        ]
 [309.         314.         314.         314.         314.
  314.        ]]
[[309.         314.         314.         314.         314.
  314.        ]
 [304.         304.57346742 305.17666407 306.88367504 309.98080047
  314.        ]
 [304.         302.90150052 302.88924532 304.80819681 308.75753446
  314.        ]
 [304.         304.57346742 305.17666407 306.88367504 309.98080047
  314.        ]
 [309.         314.         314.         314.         314.
  314.        ]]
[[309.         314.         314.         314.         314.
  314.        ]
 [304.         305.05892304 305.96641469 307.68285928 310.47735914
  314.        ]
 [304.         303.48954345 303.85078384 305.77876313 309.36360007
  314.        ]
 [304.         305.05892304 305.96641469 307.68285928 310.47735914
  314.        ]
 [309.         314.         314.         314.         314.
  314.        ]]
[[309.         314.         314.         314.         314.
  314.        ]
 [304.         305.45701451 306.614288   308.33349616 310.8817913
  314.        ]
 [304.         303.98932713 304.6626941  306.59655429 309.87102698
  314.        ]
 [304.         305.45701451 306.614288   308.33349616 310.8817913
  314.        ]
 [309.         314.         314.         314.         314.
  314.        ]]
[[309.         314.         314.         314.         314.
  314.        ]
 [304.         305.78462789 307.14537828 308.86668372 311.21193777
  314.        ]
 [304.         304.41044809 305.34646636 307.28229776 310.29631332
  314.        ]
 [304.         305.78462789 307.14537828 308.86668372 311.21193777
  314.        ]
 [309.         314.         314.         314.         314.
  314.        ]]
[[309.         314.         314.         314.         314.
  314.        ]
 [304.         306.05410694 307.58224432 309.30418477 311.48284731
  314.        ]
 [304.         304.76420627 305.91956714 307.85676841 310.65179329
  314.        ]
 [304.         306.05410694 307.58224432 309.30418477 311.48284731
  314.        ]
 [309.         314.         314.         314.         314.
  314.        ]]
[[309.         314.         314.         314.         314.
  314.        ]
 [304.         306.27622441 307.9418666  309.66428076 311.70554018
  314.        ]
 [304.         305.06021845 306.39907839 308.33671708 310.94875996
  314.        ]
 [304.         306.27622441 307.9418666  309.66428076 311.70554018
  314.        ]
 [309.         314.         314.         314.         314.
  314.        ]]
[[309.         314.         314.         314.         314.
  314.        ]
 [304.         306.45941189 308.23846064 309.9610189  311.88905215
  314.        ]
 [304.         305.3074839  306.79931909 308.73727343 311.1964143
  314.        ]
 [304.         306.45941189 308.23846064 309.9610189  311.88905215
  314.        ]
 [309.         314.         314.         314.         314.
  314.        ]]
[[309.         314.         314.         314.         314.
  314.        ]
 [304.         306.61068521 308.48327766 310.20594366 312.04045591
  314.        ]
 [304.         305.51363421 307.13300477 309.07105686 311.40278257
  314.        ]
 [304.         306.61068521 308.48327766 310.20594366 312.04045591
  314.        ]
 [309.         314.         314.         314.         314.
  314.        ]]
[[309.         314.         314.         314.         314.
  314.        ]
 [304.         306.73568724 308.68557864 310.40827715 312.16553173
  314.        ]
 [304.         305.68532674 307.41084404 309.34896854 311.57456303
  314.        ]
 [304.         306.73568724 308.68557864 310.40827715 312.16553173
  314.        ]
 [309.         314.         314.         314.         314.
  314.        ]]
[[309.         314.         314.         314.         314.
  314.        ]
 [304.         306.83906304 308.8528558  310.5755789  312.26893707
  314.        ]
 [304.         305.82817513 307.64200685 309.58015326 311.71746112
  314.        ]
 [304.         306.83906304 308.8528558  310.5755789  312.26893707
  314.        ]
 [309.         314.         314.         314.         314.
  314.        ]]
[[309.         314.         314.         314.         314.
  314.        ]
 [304.         306.92459819 308.99126451 310.71399493 312.35448901
  314.        ]
 [304.         305.94694854 307.83419407 309.77235706 311.83625443
  314.        ]
 [304.         306.92459819 308.99126451 310.71399493 312.35448901
  314.        ]
 [309.         314.         314.         314.         314.
  314.        ]]
[[309.         314.         314.         314.         314.
  314.        ]
 [304.         306.99540715 309.10583841 310.82857444 312.42530465
  314.        ]
 [304.         306.0456474  307.99389888 309.93206679 311.93496461
  314.        ]
 [304.         306.99540715 309.10583841 310.82857444 312.42530465
  314.        ]
 [309.         314.         314.         314.         314.
  314.        ]]
[[309.         314.         314.         314.         314.
  314.        ]
 [304.         307.05404618 309.20072063 310.92345831 312.48394752
  314.        ]
 [304.         306.12763169 308.12655399 310.06472569 312.0169534
  314.        ]
 [304.         307.05404618 309.20072063 310.92345831 312.48394752
  314.        ]
 [309.         314.         314.         314.         314.
  314.        ]]
[[309.         314.         314.         314.         314.
  314.        ]
 [304.         307.10262222 309.27931889 311.00205785 312.53252507
  314.        ]
 [304.         306.19570879 308.23670659 310.1748794  312.08503308
  314.        ]
 [304.         307.10262222 309.27931889 311.00205785 312.53252507
  314.        ]
 [309.         314.         314.         314.         314.
  314.        ]]
[[309.         314.         314.         314.         314.
  314.        ]
 [304.         307.14287163 309.34444433 311.06718366 312.57277535
  314.        ]
 [304.         306.25222365 308.32814994 310.26632361 312.14154896
  314.        ]
 [304.         307.14287163 309.34444433 311.06718366 312.57277535
  314.        ]
 [309.         314.         314.         314.         314.
  314.        ]]
[[309.         314.         314.         314.         314.
  314.        ]
 [304.         307.17622829 309.39841667 311.12115629 312.60613235
  314.        ]
 [304.         306.29913032 308.40404688 310.3422208  312.18845622
  314.        ]
 [304.         307.17622829 309.39841667 311.12115629 312.60613235
  314.        ]
 [309.         314.         314.         314.         314.
  314.        ]]
[[309.         314.         314.         314.         314.
  314.        ]
 [304.         307.20387678 309.44315298 311.16589268 312.63378103
  314.        ]
 [304.         306.33805621 308.46703037 310.40520449 312.22738233
  314.        ]
 [304.         307.20387678 309.44315298 311.16589268 312.63378103
  314.        ]
 [309.         314.         314.         314.         314.
  314.        ]]
[[309.         314.         314.         314.         314.
  314.        ]
 [304.         307.22679673 309.48023827 311.20297805 312.65670107
  314.        ]
 [304.         306.37035508 308.51929114 310.45746531 312.25968134
  314.        ]
 [304.         307.22679673 309.48023827 311.20297805 312.65670107
  314.        ]
 [309.         314.         314.         314.         314.
  314.        ]]
[[309.         314.         314.         314.         314.
  314.        ]
 [304.         307.24579867 309.51098408 311.23372388 312.67570305
  314.        ]
 [304.         306.39715255 308.56265037 310.50082459 312.28647887
  314.        ]
 [304.         307.24579867 309.51098408 311.23372388 312.67570305
  314.        ]
 [309.         314.         314.         314.         314.
  314.        ]]
[[309.         314.         314.         314.         314.
  314.        ]
 [304.         307.26155357 309.53647605 311.25921586 312.69145797
  314.        ]
 [304.         306.41938391 308.59862148 310.53679572 312.30871026
  314.        ]
 [304.         307.26155357 309.53647605 311.25921586 312.69145797
  314.        ]
 [309.         314.         314.         314.         314.
  314.        ]]
[[309.         314.         314.         314.         314.
  314.        ]
 [304.         307.27461707 309.55761325 311.28035307 312.70452148
  314.        ]
 [304.         306.43782607 308.62846152 310.56663576 312.32715242
  314.        ]
 [304.         307.27461707 309.55761325 311.28035307 312.70452148
  314.        ]
 [309.         314.         314.         314.         314.
  314.        ]]
[[309.         314.         314.         314.         314.
  314.        ]
 [304.         307.28544948 309.57514045 311.29788027 312.71535389
  314.        ]
 [304.         306.45312412 308.65321429 310.59138854 312.34245048
  314.        ]
 [304.         307.28544948 309.57514045 311.29788027 312.71535389
  314.        ]
 [309.         314.         314.         314.         314.
  314.        ]]
[[309.         314.         314.         314.         314.
  314.        ]
 [304.         307.29443217 309.58967475 311.31241457 312.72433658
  314.        ]
 [304.         306.4658136  308.67374631 310.61192055 312.35513997
  314.        ]
 [304.         307.29443217 309.58967475 311.31241457 312.72433658
  314.        ]
 [309.         314.         314.         314.         314.
  314.        ]]
[[309.         314.         314.         314.         314.
  314.        ]
 [304.         307.30188123 309.60172758 311.3244674  312.73178564
  314.        ]
 [304.         306.476339   308.69077676 310.62895101 312.36566536
  314.        ]
 [304.         307.30188123 309.60172758 311.3244674  312.73178564
  314.        ]
 [309.         314.         314.         314.         314.
  314.        ]]
[[309.         314.         314.         314.         314.
  314.        ]
 [304.         307.30805864 309.61172284 311.33446266 312.73796305
  314.        ]
 [304.         306.48506916 308.70490247 310.64307671 312.37439553
  314.        ]
 [304.         307.30805864 309.61172284 311.33446266 312.73796305
  314.        ]
 [309.         314.         314.         314.         314.
  314.        ]]
[[309.         314.         314.         314.         314.
  314.        ]
 [304.         307.31318158 309.62001195 311.34275176 312.743086
  314.        ]
 [304.         306.49231016 308.71661865 310.6547929  312.38163653
  314.        ]
 [304.         307.31318158 309.62001195 311.34275176 312.743086
  314.        ]
 [309.         314.         314.         314.         314.
  314.        ]]
[[309.         314.         314.         314.         314.
  314.        ]
 [304.         307.31743013 309.62688623 311.34962605 312.74733454
  314.        ]
 [304.         306.49831592 308.72633617 310.66451042 312.38764229
  314.        ]
 [304.         307.31743013 309.62688623 311.34962605 312.74733454
  314.        ]
 [309.         314.         314.         314.         314.
  314.        ]]
[[309.         314.         314.         314.         314.
  314.        ]
 [304.         307.32095355 309.63258725 311.35532707 312.75085797
  314.        ]
 [304.         306.5032971  308.73439588 310.67257013 312.39262347
  314.        ]
 [304.         307.32095355 309.63258725 311.35532707 312.75085797
  314.        ]
 [309.         314.         314.         314.         314.
  314.        ]]
[[309.         314.         314.         314.         314.
  314.        ]
 [304.         307.32387565 309.6373153  311.36005512 312.75378006
  314.        ]
 [304.         306.50742845 308.74108055 310.6792548  312.39675482
  314.        ]
 [304.         307.32387565 309.6373153  311.36005512 312.75378006
  314.        ]
 [309.         314.         314.         314.         314.
  314.        ]]
[[309.         314.         314.         314.         314.
  314.        ]
 [304.         307.32629905 309.64123646 311.36397627 312.75620347
  314.        ]
 [304.         306.51085493 308.74662472 310.68479897 312.4001813
  314.        ]
 [304.         307.32629905 309.64123646 311.36397627 312.75620347
  314.        ]
 [309.         314.         314.         314.         314.
  314.        ]]
[[309.         314.         314.         314.         314.
  314.        ]
 [304.         307.32830889 309.64448845 311.36722826 312.75821331
  314.        ]
 [304.         306.5136968  308.75122295 310.6893972  312.40302317
  314.        ]
 [304.         307.32830889 309.64448845 311.36722826 312.75821331
  314.        ]
 [309.         314.         314.         314.         314.
  314.        ]]
[[309.         314.         314.         314.         314.
  314.        ]
 [304.         307.32997575 309.64718548 311.3699253  312.75988017
  314.        ]
 [304.         306.51605378 308.75503662 310.69321087 312.40538015
  314.        ]
 [304.         307.32997575 309.64718548 311.3699253  312.75988017
  314.        ]
 [309.         314.         314.         314.         314.
  314.        ]]
[[309.         314.         314.         314.         314.
  314.        ]
 [304.         307.33135816 309.64942227 311.37216209 312.76126258
  314.        ]
 [304.         306.51800859 308.75819958 310.69637383 312.40733496
  314.        ]
 [304.         307.33135816 309.64942227 311.37216209 312.76126258
  314.        ]
 [309.         314.         314.         314.         314.
  314.        ]]
[[309.         314.         314.         314.         314.
  314.        ]
 [304.         307.33250467 309.65127736 311.37401717 312.76240909
  314.        ]
 [304.         306.51962987 308.76082286 310.69899711 312.40895623
  314.        ]
 [304.         307.33250467 309.65127736 311.37401717 312.76240909
  314.        ]
 [309.         314.         314.         314.         314.
  314.        ]]
[[309.         314.         314.         314.         314.
  314.        ]
 [304.         307.33345553 309.65281588 311.3755557  312.76335995
  314.        ]
 [304.         306.5209745  308.76299852 310.70117277 312.41030087
  314.        ]
 [304.         307.33345553 309.65281588 311.3755557  312.76335995
  314.        ]
 [309.         314.         314.         314.         314.
  314.        ]]
[[309.         314.         314.         314.         314.
  314.        ]
 [304.         307.33424414 309.65409187 311.37683169 312.76414856
  314.        ]
 [304.         306.5220897  308.76480295 310.7029772  312.41141607
  314.        ]
 [304.         307.33424414 309.65409187 311.37683169 312.76414856
  314.        ]
 [309.         314.         314.         314.         314.
  314.        ]]
[[309.         314.         314.         314.         314.
  314.        ]
 [304.         307.33489817 309.65515013 311.37788994 312.76480259
  314.        ]
 [304.         306.52301461 308.76629948 310.70447373 312.41234098
  314.        ]
 [304.         307.33489817 309.65515013 311.37788994 312.76480259
  314.        ]
 [309.         314.         314.         314.         314.
  314.        ]]
[[309.         314.         314.         314.         314.
  314.        ]
 [304.         307.33544061 309.6560278  311.37876762 312.76534502
  314.        ]
 [304.         306.52378169 308.76754066 310.70571491 312.41310806
  314.        ]
 [304.         307.33544061 309.6560278  311.37876762 312.76534502
  314.        ]
 [309.         314.         314.         314.         314.
  314.        ]]
[[309.         314.         314.         314.         314.
  314.        ]
 [304.         307.33589048 309.6567557  311.37949552 312.76579489
  314.        ]
 [304.         306.52441789 308.76857004 310.70674429 312.41374426
  314.        ]
 [304.         307.33589048 309.6567557  311.37949552 312.76579489
  314.        ]
 [309.         314.         314.         314.         314.
  314.        ]]
[[309.         314.         314.         314.         314.
  314.        ]
 [304.         307.33626358 309.6573594  311.38009922 312.766168
  314.        ]
 [304.         306.52494553 308.76942378 310.70759803 312.4142719
  314.        ]
 [304.         307.33626358 309.6573594  311.38009922 312.766168
  314.        ]
 [309.         314.         314.         314.         314.
  314.        ]]
[[309.         314.         314.         314.         314.
  314.        ]
 [304.         307.33657302 309.65786008 311.3805999  312.76647744
  314.        ]
 [304.         306.52538314 308.77013184 310.70830609 312.41470951
  314.        ]
 [304.         307.33657302 309.65786008 311.3805999  312.76647744
  314.        ]
 [309.         314.         314.         314.         314.
  314.        ]]
[[309.         314.         314.         314.         314.
  314.        ]
 [304.         307.33682966 309.65827533 311.38101515 312.76673407
  314.        ]
 [304.         306.52574607 308.77071908 310.70889333 312.41507244
  314.        ]
 [304.         307.33682966 309.65827533 311.38101515 312.76673407
  314.        ]
 [309.         314.         314.         314.         314.
  314.        ]]
[[309.         314.         314.         314.         314.
  314.        ]
 [304.         307.3370425  309.65861972 311.38135954 312.76694692
  314.        ]
 [304.         306.52604708 308.77120612 310.70938037 312.41537344
  314.        ]
 [304.         307.3370425  309.65861972 311.38135954 312.76694692
  314.        ]
 [309.         314.         314.         314.         314.
  314.        ]]
[[309.         314.         314.         314.         314.
  314.        ]
 [304.         307.33721903 309.65890534 311.38164516 312.76712344
  314.        ]
 [304.         306.52629672 308.77161005 310.7097843  312.41562309
  314.        ]
 [304.         307.33721903 309.65890534 311.38164516 312.76712344
  314.        ]
 [309.         314.         314.         314.         314.
  314.        ]]
[[309.         314.         314.         314.         314.
  314.        ]
 [304.         307.33736543 309.65914223 311.38188205 312.76726985
  314.        ]
 [304.         306.52650376 308.77194506 310.7101193  312.41583013
  314.        ]
 [304.         307.33736543 309.65914223 311.38188205 312.76726985
  314.        ]
 [309.         314.         314.         314.         314.
  314.        ]]
[[309.         314.         314.         314.         314.
  314.        ]
 [304.         307.33748685 309.65933869 311.38207851 312.76739127
  314.        ]
 [304.         306.52667548 308.7722229  310.71039715 312.41600185
  314.        ]
 [304.         307.33748685 309.65933869 311.38207851 312.76739127
  314.        ]
 [309.         314.         314.         314.         314.
  314.        ]]
[[309.         314.         314.         314.         314.
  314.        ]
 [304.         307.33758755 309.65950163 311.38224145 312.76749197
  314.        ]
 [304.         306.52681789 308.77245333 310.71062758 312.41614426
  314.        ]
 [304.         307.33758755 309.65950163 311.38224145 312.76749197
  314.        ]
 [309.         314.         314.         314.         314.
  314.        ]]
[[309.         314.         314.         314.         314.
  314.        ]
 [304.         307.33767107 309.65963677 311.38237659 312.76757549
  314.        ]
 [304.         306.526936   308.77264444 310.71081869 312.41626237
  314.        ]
 [304.         307.33767107 309.65963677 311.38237659 312.76757549
  314.        ]
 [309.         314.         314.         314.         314.
  314.        ]]
[[309.         314.         314.         314.         314.
  314.        ]
 [304.         307.33774034 309.65974885 311.38248867 312.76764476
  314.        ]
 [304.         306.52703396 308.77280294 310.71097719 312.41636033
  314.        ]
 [304.         307.33774034 309.65974885 311.38248867 312.76764476
  314.        ]
 [309.         314.         314.         314.         314.
  314.        ]]
[[309.         314.         314.         314.         314.
  314.        ]
 [304.         307.33779779 309.6598418  311.38258162 312.76770221
  314.        ]
 [304.         306.52711521 308.77293439 310.71110864 312.41644158
  314.        ]
 [304.         307.33779779 309.6598418  311.38258162 312.76770221
  314.        ]
 [309.         314.         314.         314.         314.
  314.        ]]
[[309.         314.         314.         314.         314.
  314.        ]
 [304.         307.33784543 309.65991889 311.38265871 312.76774985
  314.        ]
 [304.         306.52718259 308.77304342 310.71121767 312.41650896
  314.        ]
 [304.         307.33784543 309.65991889 311.38265871 312.76774985
  314.        ]
 [309.         314.         314.         314.         314.
  314.        ]]
[[309.         314.         314.         314.         314.
  314.        ]
 [304.         307.33788495 309.65998283 311.38272265 312.76778937
  314.        ]
 [304.         306.52723847 308.77313384 310.71130809 312.41656484
  314.        ]
 [304.         307.33788495 309.65998283 311.38272265 312.76778937
  314.        ]
 [309.         314.         314.         314.         314.
  314.        ]]
[[309.         314.         314.         314.         314.
  314.        ]
 [304.         307.33791772 309.66003586 311.38277567 312.76782214
  314.        ]
 [304.         306.52728482 308.77320883 310.71138308 312.41661119
  314.        ]
 [304.         307.33791772 309.66003586 311.38277567 312.76782214
  314.        ]
 [309.         314.         314.         314.         314.
  314.        ]]
[[309.         314.         314.         314.         314.
  314.        ]
 [304.         307.3379449  309.66007983 311.38281965 312.76784932
  314.        ]
 [304.         306.52732326 308.77327102 310.71144527 312.41664962
  314.        ]
 [304.         307.3379449  309.66007983 311.38281965 312.76784932
  314.        ]
 [309.         314.         314.         314.         314.
  314.        ]]
[[309.         314.         314.         314.         314.
  314.        ]
 [304.         307.33796744 309.66011631 311.38285613 312.76787186
  314.        ]
 [304.         306.52735513 308.7733226  310.71149685 312.4166815
  314.        ]
 [304.         307.33796744 309.66011631 311.38285613 312.76787186
  314.        ]
 [309.         314.         314.         314.         314.
  314.        ]]
[[309.         314.         314.         314.         314.
  314.        ]
 [304.         307.33798614 309.66014656 311.38288638 312.76789056
  314.        ]
 [304.         306.52738157 308.77336539 310.71153963 312.41670794
  314.        ]
 [304.         307.33798614 309.66014656 311.38288638 312.76789056
  314.        ]
 [309.         314.         314.         314.         314.
  314.        ]]
[[309.         314.         314.         314.         314.
  314.        ]
 [304.         307.33800164 309.66017165 311.38291146 312.76790606
  314.        ]
 [304.         306.5274035  308.77340087 310.71157511 312.41672987
  314.        ]
 [304.         307.33800164 309.66017165 311.38291146 312.76790606
  314.        ]
 [309.         314.         314.         314.         314.
  314.        ]]
[[309.         314.         314.         314.         314.
  314.        ]
 [304.         307.3380145  309.66019245 311.38293227 312.76791892
  314.        ]
 [304.         306.52742169 308.77343029 310.71160454 312.41674806
  314.        ]
 [304.         307.3380145  309.66019245 311.38293227 312.76791892
  314.        ]
 [309.         314.         314.         314.         314.
  314.        ]]
[[309.         314.         314.         314.         314.
  314.        ]
 [304.         307.33802517 309.66020971 311.38294953 312.76792959
  314.        ]
 [304.         306.52743677 308.7734547  310.71162895 312.41676314
  314.        ]
 [304.         307.33802517 309.66020971 311.38294953 312.76792959
  314.        ]
 [309.         314.         314.         314.         314.
  314.        ]]
[[309.         314.         314.         314.         314.
  314.        ]
 [304.         307.33803401 309.66022402 311.38296384 312.76793843
  314.        ]
 [304.         306.52744928 308.77347494 310.71164919 312.41677565
  314.        ]
 [304.         307.33803401 309.66022402 311.38296384 312.76793843
  314.        ]
 [309.         314.         314.         314.         314.
  314.        ]]
[[309.         314.         314.         314.         314.
  314.        ]
 [304.         307.33804135 309.66023589 311.38297571 312.76794577
  314.        ]
 [304.         306.52745966 308.77349172 310.71166597 312.41678603
  314.        ]
 [304.         307.33804135 309.66023589 311.38297571 312.76794577
  314.        ]
 [309.         314.         314.         314.         314.
  314.        ]]
[[309.         314.         314.         314.         314.
  314.        ]
 [304.         307.33804744 309.66024574 311.38298556 312.76795185
  314.        ]
 [304.         306.52746826 308.77350565 310.7116799  312.41679463
  314.        ]
 [304.         307.33804744 309.66024574 311.38298556 312.76795185
  314.        ]
 [309.         314.         314.         314.         314.
  314.        ]]
[[309.         314.         314.         314.         314.
  314.        ]
 [304.         307.33805248 309.6602539  311.38299372 312.7679569
  314.        ]
 [304.         306.5274754  308.77351719 310.71169144 312.41680177
  314.        ]
 [304.         307.33805248 309.6602539  311.38299372 312.7679569
  314.        ]
 [309.         314.         314.         314.         314.
  314.        ]]
[[309.         314.         314.         314.         314.
  314.        ]
 [304.         307.33805667 309.66026067 311.38300049 312.76796108
  314.        ]
 [304.         306.52748132 308.77352677 310.71170102 312.41680768
  314.        ]
 [304.         307.33805667 309.66026067 311.38300049 312.76796108
  314.        ]
 [309.         314.         314.         314.         314.
  314.        ]]
[[309.         314.         314.         314.         314.
  314.        ]
 [304.         307.33806014 309.66026629 311.38300611 312.76796455
  314.        ]
 [304.         306.52748622 308.77353471 310.71170896 312.41681259
  314.        ]
 [304.         307.33806014 309.66026629 311.38300611 312.76796455
  314.        ]
 [309.         314.         314.         314.         314.
  314.        ]]
[[309.         314.         314.         314.         314.
  314.        ]
 [304.         307.33806302 309.66027095 311.38301077 312.76796743
  314.        ]
 [304.         306.52749029 308.7735413  310.71171555 312.41681666
  314.        ]
 [304.         307.33806302 309.66027095 311.38301077 312.76796743
  314.        ]
 [309.         314.         314.         314.         314.
  314.        ]]
[[309.         314.         314.         314.         314.
  314.        ]
 [304.         307.3380654  309.66027481 311.38301463 312.76796982
  314.        ]
 [304.         306.52749367 308.77354676 310.71172101 312.41682004
  314.        ]
 [304.         307.3380654  309.66027481 311.38301463 312.76796982
  314.        ]
 [309.         314.         314.         314.         314.
  314.        ]]
[[309.         314.         314.         314.         314.
  314.        ]
 [304.         307.33806738 309.66027801 311.38301783 312.7679718
  314.        ]
 [304.         306.52749647 308.77355129 310.71172554 312.41682284
  314.        ]
 [304.         307.33806738 309.66027801 311.38301783 312.7679718
  314.        ]
 [309.         314.         314.         314.         314.
  314.        ]]
[[309.         314.         314.         314.         314.
  314.        ]
 [304.         307.33806903 309.66028067 311.38302049 312.76797344
  314.        ]
 [304.         306.52749879 308.77355505 310.7117293  312.41682516
  314.        ]
 [304.         307.33806903 309.66028067 311.38302049 312.76797344
  314.        ]
 [309.         314.         314.         314.         314.
  314.        ]]
[[309.         314.         314.         314.         314.
  314.        ]
 [304.         307.33807039 309.66028288 311.38302269 312.7679748
  314.        ]
 [304.         306.52750072 308.77355817 310.71173242 312.41682709
  314.        ]
 [304.         307.33807039 309.66028288 311.38302269 312.7679748
  314.        ]
 [309.         314.         314.         314.         314.
  314.        ]]
[[309.         314.         314.         314.         314.
  314.        ]
 [304.         307.33807152 309.6602847  311.38302452 312.76797593
  314.        ]
 [304.         306.52750232 308.77356075 310.711735   312.41682869
  314.        ]
 [304.         307.33807152 309.6602847  311.38302452 312.76797593
  314.        ]
 [309.         314.         314.         314.         314.
  314.        ]]
[[309.         314.         314.         314.         314.
  314.        ]
 [304.         307.33807245 309.66028622 311.38302604 312.76797687
  314.        ]
 [304.         306.52750364 308.77356289 310.71173714 312.41683001
  314.        ]
 [304.         307.33807245 309.66028622 311.38302604 312.76797687
  314.        ]
 [309.         314.         314.         314.         314.
  314.        ]]
[[309.         314.         314.         314.         314.
  314.        ]
 [304.         307.33807323 309.66028748 311.38302729 312.76797765
  314.        ]
 [304.         306.52750474 308.77356467 310.71173892 312.41683111
  314.        ]
 [304.         307.33807323 309.66028748 311.38302729 312.76797765
  314.        ]
 [309.         314.         314.         314.         314.
  314.        ]]
[[309.         314.         314.         314.         314.
  314.        ]
 [304.         307.33807388 309.66028852 311.38302834 312.76797829
  314.        ]
 [304.         306.52750565 308.77356615 310.7117404  312.41683202
  314.        ]
 [304.         307.33807388 309.66028852 311.38302834 312.76797829
  314.        ]
 [309.         314.         314.         314.         314.
  314.        ]]
[[309.         314.         314.         314.         314.
  314.        ]
 [304.         307.33807441 309.66028938 311.3830292  312.76797883
  314.        ]
 [304.         306.52750641 308.77356737 310.71174162 312.41683278
  314.        ]
 [304.         307.33807441 309.66028938 311.3830292  312.76797883
  314.        ]
 [309.         314.         314.         314.         314.
  314.        ]]
[[309.         314.         314.         314.         314.
  314.        ]
 [304.         307.33807485 309.6602901  311.38302992 312.76797927
  314.        ]
 [304.         306.52750703 308.77356838 310.71174263 312.4168334
  314.        ]
 [304.         307.33807485 309.6602901  311.38302992 312.76797927
  314.        ]
 [309.         314.         314.         314.         314.
  314.        ]]
[[309.         314.         314.         314.         314.
  314.        ]
 [304.         307.33807522 309.6602907  311.38303051 312.76797964
  314.        ]
 [304.         306.52750755 308.77356923 310.71174347 312.41683392
  314.        ]
 [304.         307.33807522 309.6602907  311.38303051 312.76797964
  314.        ]
 [309.         314.         314.         314.         314.
  314.        ]]
[[309.         314.         314.         314.         314.
  314.        ]
 [304.         307.33807553 309.66029119 311.38303101 312.76797994
  314.        ]
 [304.         306.52750799 308.77356992 310.71174417 312.41683435
  314.        ]
 [304.         307.33807553 309.66029119 311.38303101 312.76797994
  314.        ]
 [309.         314.         314.         314.         314.
  314.        ]]
[[309.         314.         314.         314.         314.
  314.        ]
 [304.         307.33807578 309.6602916  311.38303142 312.7679802
  314.        ]
 [304.         306.52750834 308.7735705  310.71174475 312.41683471
  314.        ]
 [304.         307.33807578 309.6602916  311.38303142 312.7679802
  314.        ]
 [309.         314.         314.         314.         314.
  314.        ]]
[[309.         314.         314.         314.         314.
  314.        ]
 [304.         307.33807599 309.66029194 311.38303175 312.76798041
  314.        ]
 [304.         306.52750864 308.77357098 310.71174523 312.41683501
  314.        ]
 [304.         307.33807599 309.66029194 311.38303175 312.76798041
  314.        ]
 [309.         314.         314.         314.         314.
  314.        ]]
[[309.         314.         314.         314.         314.
  314.        ]
 [304.         307.33807616 309.66029222 311.38303204 312.76798058
  314.        ]
 [304.         306.52750889 308.77357138 310.71174563 312.41683526
  314.        ]
 [304.         307.33807616 309.66029222 311.38303204 312.76798058
  314.        ]
 [309.         314.         314.         314.         314.
  314.        ]]
[[309.         314.         314.         314.         314.
  314.        ]
 [304.         307.33807631 309.66029245 311.38303227 312.76798072
  314.        ]
 [304.         306.52750909 308.77357171 310.71174596 312.41683546
  314.        ]
 [304.         307.33807631 309.66029245 311.38303227 312.76798072
  314.        ]
 [309.         314.         314.         314.         314.
  314.        ]]
[[309.         314.         314.         314.         314.
  314.        ]
 [304.         307.33807643 309.66029265 311.38303246 312.76798084
  314.        ]
 [304.         306.52750926 308.77357198 310.71174623 312.41683563
  314.        ]
 [304.         307.33807643 309.66029265 311.38303246 312.76798084
  314.        ]
 [309.         314.         314.         314.         314.
  314.        ]]
[[309.         314.         314.         314.         314.
  314.        ]
 [304.         307.33807652 309.66029281 311.38303262 312.76798094
  314.        ]
 [304.         306.5275094  308.77357221 310.71174646 312.41683577
  314.        ]
 [304.         307.33807652 309.66029281 311.38303262 312.76798094
  314.        ]
 [309.         314.         314.         314.         314.
  314.        ]]
[[309.         314.         314.         314.         314.
  314.        ]
 [304.         307.33807661 309.66029294 311.38303276 312.76798102
  314.        ]
 [304.         306.52750952 308.7735724  310.71174665 312.41683588
  314.        ]
 [304.         307.33807661 309.66029294 311.38303276 312.76798102
  314.        ]
 [309.         314.         314.         314.         314.
  314.        ]]
[[309.         314.         314.         314.         314.
  314.        ]
 [304.         307.33807668 309.66029305 311.38303287 312.76798109
  314.        ]
 [304.         306.52750961 308.77357255 310.7117468  312.41683598
  314.        ]
 [304.         307.33807668 309.66029305 311.38303287 312.76798109
  314.        ]
 [309.         314.         314.         314.         314.
  314.        ]]
[[309.         314.         314.         314.         314.
  314.        ]
 [304.         307.33807673 309.66029314 311.38303296 312.76798115
  314.        ]
 [304.         306.52750969 308.77357268 310.71174693 312.41683606
  314.        ]
 [304.         307.33807673 309.66029314 311.38303296 312.76798115
  314.        ]
 [309.         314.         314.         314.         314.
  314.        ]]
[[309.         314.         314.         314.         314.
  314.        ]
 [304.         307.33807678 309.66029322 311.38303303 312.7679812
  314.        ]
 [304.         306.52750976 308.77357279 310.71174704 312.41683613
  314.        ]
 [304.         307.33807678 309.66029322 311.38303303 312.7679812
  314.        ]
 [309.         314.         314.         314.         314.
  314.        ]]
[[309.         314.         314.         314.         314.
  314.        ]
 [304.         307.33807682 309.66029328 311.3830331  312.76798124
  314.        ]
 [304.         306.52750981 308.77357288 310.71174713 312.41683618
  314.        ]
 [304.         307.33807682 309.66029328 311.3830331  312.76798124
  314.        ]
 [309.         314.         314.         314.         314.
  314.        ]]
[[309.         314.         314.         314.         314.
  314.        ]
 [304.         307.33807685 309.66029333 311.38303315 312.76798127
  314.        ]
 [304.         306.52750986 308.77357295 310.7117472  312.41683623
  314.        ]
 [304.         307.33807685 309.66029333 311.38303315 312.76798127
  314.        ]
 [309.         314.         314.         314.         314.
  314.        ]]
[[309.         314.         314.         314.         314.
  314.        ]
 [304.         307.33807688 309.66029338 311.38303319 312.76798129
  314.        ]
 [304.         306.5275099  308.77357302 310.71174727 312.41683627
  314.        ]
 [304.         307.33807688 309.66029338 311.38303319 312.76798129
  314.        ]
 [309.         314.         314.         314.         314.
  314.        ]]
[[309.         314.         314.         314.         314.
  314.        ]
 [304.         307.3380769  309.66029341 311.38303323 312.76798132
  314.        ]
 [304.         306.52750993 308.77357307 310.71174732 312.4168363
  314.        ]
 [304.         307.3380769  309.66029341 311.38303323 312.76798132
  314.        ]
 [309.         314.         314.         314.         314.
  314.        ]]
[[309.         314.         314.         314.         314.
  314.        ]
 [304.         307.33807692 309.66029344 311.38303326 312.76798133
  314.        ]
 [304.         306.52750995 308.77357311 310.71174736 312.41683632
  314.        ]
 [304.         307.33807692 309.66029344 311.38303326 312.76798133
  314.        ]
 [309.         314.         314.         314.         314.
  314.        ]]
