[[314.         302.65585386 304.16669411 ... 304.35176845 304.16669411
  302.65585386]
 [314.         309.00053087 306.93802042 ... 306.10294286 306.93802042
  309.00053087]
 [314.         311.05846508 309.01475461 ... 307.7732291  309.01475461
  311.05846508]
 ...
 [314.         313.98679701 313.97364856 ... 313.96060889 313.97364856
  313.98679701]
 [314.         313.99122818 313.98249255 ... 313.97382911 313.98249255
  313.99122818]
 [314.         313.99562312 313.99126429 ... 313.98694145 313.99126429
  313.99562312]]
